$GNRMC,115234.000,A,5925.2888,N,02444.3738,E,12.37,304.12,250122,9.22,E*72
$GNVTG,304.12,T,294.90,M,12.37,N,22.9,K*6C
$GNGGA,115234.000,5925.2888,N,02444.3738,E,1,05,2.4,19.7,M,18.5,M,,0000*7A
$GNGSA,A,3,24,15,10,,,,,,,,,,3.8,2.4,2.9*29
$GNGSA,A,3,73,71,,,,,,,,,,,3.8,2.4,2.9*28
$GPGSV,3,1,11,10,20,316,34,12,11,233,16,13,32,174,19,15,43,214,23*71
$GPGSV,3,2,11,17,,,18,19,,,27,23,18,281,17,24,51,278,31*72
$GPGSV,3,3,11,30,01,111,,36,22,172,,49,20,203,*45
$GLGSV,2,1,08,65,27,332,21,71,26,214,23,73,78,055,28,74,,,22*5F
$GLGSV,2,2,08,80,27,079,,81,15,005,23,82,37,054,19,83,27,109,*66
$GNGLL,5925.2888,N,02444.3738,E,115234.000,A*22
$GNRMC,115235.000,A,5925.2906,N,02444.3683,E,12.44,305.49,250122,9.22,E*7E
$GNVTG,305.49,T,296.27,M,12.44,N,23.0,K*61
$GNGGA,115235.000,5925.2906,N,02444.3683,E,1,05,1.9,18.9,M,18.5,M,,0000*7C
$GNGSA,A,3,13,24,15,10,,,,,,,,,3.0,1.9,2.3*27
$GNGSA,A,3,73,,,,,,,,,,,,3.0,1.9,2.3*22
$GPGSV,3,1,11,10,20,316,34,12,11,233,14,13,32,174,21,15,43,214,22*79
$GPGSV,3,2,11,17,,,17,19,,,26,23,18,281,16,24,51,278,31*7D
$GPGSV,3,3,11,30,01,111,,36,22,172,,49,20,203,*45
$GLGSV,2,1,08,65,27,332,20,71,26,214,19,73,78,055,28,74,,,22*57
$GLGSV,2,2,08,80,27,079,,81,15,005,23,82,37,054,27,83,27,109,*6B
$GNGLL,5925.2906,N,02444.3683,E,115235.000,A*25
$GNRMC,115236.000,A,5925.2925,N,02444.3619,E,12.56,304.20,250122,9.22,E*72
$GNVTG,304.20,T,294.98,M,12.56,N,23.3,K*69
$GNGGA,115236.000,5925.2925,N,02444.3619,E,1,05,1.9,17.1,M,18.5,M,,0000*7A
$GNGSA,A,3,13,24,15,10,,,,,,,,,3.0,1.9,2.3*27
$GNGSA,A,3,73,,,,,,,,,,,,3.0,1.9,2.3*22
$GPGSV,3,1,11,10,20,316,34,12,11,233,13,13,32,174,20,15,43,214,20*7D
$GPGSV,3,2,11,17,,,17,19,,,25,23,18,281,15,24,51,278,34*78
$GPGSV,3,3,11,30,01,111,,36,22,172,,49,20,203,*45
$GLGSV,2,1,08,65,27,332,21,71,26,214,15,73,78,055,28,74,,,22*5A
$GLGSV,2,2,08,80,27,079,,81,15,005,20,82,37,054,20,83,27,109,*6F
$GNGLL,5925.2925,N,02444.3619,E,115236.000,A*24
$GNRMC,115237.000,V,,,,,,,250122,9.22,E*66
$GNVTG,,,,,,,,*4C
$GNGGA,115237.000,,,,,0,00,99.9,,,,,,0000*72
$GNGSA,A,1,,,,,,,,,,,,,99.9,99.9,99.9*17
$GNGSA,A,1,,,,,,,,,,,,,99.9,99.9,99.9*17
$GPGSV,3,1,11,10,20,316,34,12,11,233,13,13,32,174,18,15,43,214,19*7C
$GPGSV,3,2,11,17,,,18,19,,,26,23,18,281,17,24,51,278,31*73
$GPGSV,3,3,11,30,01,111,,36,22,172,,49,20,203,*45
$GLGSV,2,1,08,65,27,332,24,71,26,214,13,73,78,055,29,74,,,21*5B
$GLGSV,2,2,08,80,27,079,,81,15,005,17,82,37,054,25,83,27,109,*6E
$GNGLL,,,,,115237.000,V*05